STAS_2	ABE98197	100.00	32	0	0	3	98	123	154	1e-17	70.1
STAS_4	CP000675.2.gene2298.p01	72.73	33	9	0	100	2	83	115	5e-10	51.2
STAS_6	CAL48457	66.67	27	9	0	86	6	26	52	6e-09	45.8
STAS_7	YP_001908403	64.52	31	11	0	95	3	464	494	1e-07	43.9
STAS_8	AY743590.gene.p01	62.50	32	12	0	98	3	55	86	3e-09	48.1
STAS_9	NC_002951.3238224.p01	50.00	32	16	0	2	97	86	117	2e-07	42.4
STAS_10	NC_002758.1121879.p01	74.19	31	8	0	7	99	364	394	6e-11	53.5
STAS_11	CP000034.1.gene2880.p01	67.74	31	10	0	1	93	243	273	8e-10	49.7
STAS_12	CP001918.1.gene4501.p01	63.64	33	12	0	100	2	566	598	6e-09	47.8
STAS_13	YP_001438541	75.00	32	8	0	3	98	47	78	2e-10	52.0
STAS_14	CP004022.1.gene1673.p01	72.73	33	9	0	1	99	946	978	3e-11	54.3
STAS_15	YP_002850060	81.25	32	6	0	96	1	30	61	3e-12	57.4
STAS_16	M80346.gene.p01	56.67	30	13	0	11	100	169	198	3e-06	39.7
STAS_17	ABV82118	67.74	31	10	0	8	100	59	89	9e-11	53.1
STAS_18	NP_878013	67.86	28	9	0	97	14	91	118	3e-09	47.4
STAS_19	NC_002758.1121879.p01	65.62	32	11	0	2	97	478	509	6e-09	47.8
STAS_20	ABE98197	100.00	32	0	0	3	98	125	156	2e-17	69.3
STAS_22	CP000034.1.gene1340.p01	65.52	29	10	0	92	6	167	195	9e-08	42.7
STAS_23	CP000768.1.gene1537.p01	60.61	33	13	0	100	2	790	822	6e-09	47.8
STAS_24	CP001485.1.gene721.p01	67.74	31	10	0	6	98	72	102	6e-11	52.0
STAS_26	YP_001176128	64.52	31	11	0	4	96	164	194	7e-08	44.7
STAS_27	NC_008702.1.4607594.p01	62.50	32	12	0	98	3	47	78	3e-08	44.7
STAS_28	AF170880.4.gene1.p01	63.33	30	11	0	99	10	504	533	9e-06	38.5
STAS_30	P42332	57.58	33	14	0	1	99	10	42	1e-07	43.5
STAS_31	CP001485.1.gene721.p01	78.79	33	7	0	100	2	74	106	3e-14	60.8
STAS_34	YP_001186705	58.06	31	13	0	5	97	354	384	2e-07	43.5
STAS_35	P42332	60.61	33	13	0	2	100	9	41	1e-08	46.2
STAS_36	NP_840140	93.75	32	2	0	98	3	156	187	4e-14	60.8
STAS_37	YP_002394666	84.85	33	5	0	100	2	113	145	2e-15	63.5
STAS_38	YP_002382193	77.78	27	6	0	97	17	37	63	2e-08	46.6
STAS_39	CP004022.1.gene2485.p01	80.00	30	6	0	99	10	379	408	2e-10	52.0
STAS_40	M57437.gene.p01	78.12	32	7	0	96	1	168	199	9e-10	50.1
STAS_41	NC_011595.7059912.p01	66.67	33	11	0	1	99	20	52	8e-10	49.7
STAS_42	CP001138.1.gene2905.p01	67.86	28	9	0	100	17	301	328	2e-09	48.9
STAS_43	EU408347.1.gene6.p01	65.52	29	10	0	13	99	99	127	3e-06	40.0
STAS_44	U57969.gene.p01	63.64	33	12	0	99	1	323	355	3e-08	45.8
STAS_45	AAA50325	65.52	29	10	0	4	90	63	91	2e-07	43.5
STAS_46	NC_010410.6003262.p01	63.64	33	12	0	2	100	126	158	1e-10	52.4
STAS_48	ZP_02831928	72.73	33	9	0	100	2	31	63	4e-12	57.0
STAS_49	YP_001290033	68.75	32	10	0	3	98	449	480	3e-08	45.8
STAS_50	AF170880.4.gene1.p01	66.67	33	11	0	1	99	489	521	1e-10	52.8
STAS_51	ABB80128	54.84	31	14	0	96	4	136	166	4e-08	44.7
STAS_53	A7FMC1	62.50	32	12	0	100	5	105	136	8e-10	49.3
STAS_54	YP_001465586	51.52	33	16	0	1	99	219	251	2e-08	46.2
STAS_55	NC_002758.1121879.p01	60.61	33	13	0	99	1	537	569	3e-08	45.8
STAS_56	YP_350221	66.67	33	11	0	1	99	395	427	6e-09	48.1
STAS_57	CP000675.2.gene1535.p01	94.44	18	1	0	98	45	89	106	1e-07	42.7
STAS_58	CP001138.1.gene2906.p01	65.52	29	10	0	6	92	157	185	2e-08	46.2
STAS_60	ABE98197	100.00	33	0	0	1	99	106	138	2e-18	72.0
STAS_62	ABC33904	63.64	33	12	0	1	99	80	112	4e-08	45.1
STAS_63	NC_002758.1121879.p01	66.67	30	10	0	98	9	378	407	6e-09	47.8
STAS_64	ABV82118	65.62	32	11	0	3	98	49	80	3e-11	54.3
STAS_65	YP_001419960	58.06	31	13	0	6	98	164	194	1e-07	43.9
STAS_66	ABB70054	74.19	31	8	0	6	98	69	99	1e-10	52.4
STAS_67	AAW34142	65.62	32	11	0	100	5	70	101	7e-09	47.4
STAS_68	AL939114.1.orf1.gene.p01	90.62	32	3	0	100	5	65	96	5e-15	62.0
STAS_69	CP003583.1.gene2512.p01	61.29	31	12	0	5	97	70	100	2e-10	52.0
STAS_70	ABS72055	60.61	33	13	0	1	99	327	359	2e-09	48.9
STAS_71	M80346.gene.p01	59.26	27	11	0	2	82	27	53	3e-06	39.7
STAS_72	CP000647.1.gene3518.p01	66.67	30	10	0	2	91	593	622	1e-08	47.0
STAS_73	CP000034.1.gene4478.p01	62.50	32	12	0	98	3	711	742	4e-08	45.4
STAS_74	YP_002706077	79.17	24	5	0	5	76	618	641	1e-08	47.0
STAS_75	NP_743067	66.67	33	11	0	1	99	35	67	5e-11	53.9
STAS_76	NC_002758.1121879.p01	60.61	33	13	0	2	100	373	405	2e-09	48.9
STAS_77	NP_455432	78.57	28	6	0	2	85	166	193	4e-10	51.2
STAS_78	Q83LR7	51.61	31	15	0	4	96	80	110	1e-06	40.8
STAS_79	YP_001477378	60.61	33	13	0	2	100	148	180	6e-08	44.7
STAS_80	AF170880.4.gene1.p01	65.62	32	11	0	2	97	545	576	4e-08	45.1
STAS_81	AAD21213	63.64	33	12	0	2	100	28	60	2e-10	51.2
STAS_82	YP_002029850	78.79	33	7	0	100	2	189	221	1e-10	52.4
STAS_83	AF170880.4.gene1.p01	62.50	32	12	0	4	99	541	572	4e-07	42.4
STAS_84	NC_002745.1124086.p01	72.41	29	8	0	87	1	86	114	9e-10	47.4
STAS_85	M80346.gene.p01	59.38	32	13	0	3	98	22	53	2e-06	40.4
STAS_87	YP_001438541	75.86	29	7	0	1	87	34	62	5e-10	50.8
STAS_88	NC_002758.1121879.p01	63.64	33	12	0	2	100	533	565	4e-08	45.1
STAS_89	NC_002695.1.915650.p01	62.50	32	12	0	4	99	708	739	4e-09	48.5
STAS_90	U82085.gene.p01	54.55	33	15	0	99	1	122	154	1e-07	43.9
STAS_91	AAY52004	59.38	32	13	0	100	5	210	241	1e-08	46.6
STAS_92	YP_002214869	60.61	33	13	0	99	1	43	75	1e-09	49.7
STAS_94	YP_002239469	66.67	33	11	0	99	1	25	57	3e-09	48.5
STAS_95	ABE98197	100.00	32	0	0	98	3	142	173	1e-17	70.1
STAS_96	AAB58161	65.62	32	11	0	3	98	61	92	3e-10	51.6
STAS_97	AAD21213	75.86	29	7	0	11	97	40	68	1e-09	48.9
STAS_98	ZP_03790349	54.55	33	15	0	2	100	444	476	2e-08	46.6
STAS_99	NC_011586.7045208.p01	100.00	23	0	0	3	71	257	279	8e-10	49.3
STAS_100	NC_009085.4918440.p01	66.67	33	11	0	1	99	13	45	2e-09	48.9
STAS_102	NC_002758.1121879.p01	70.97	31	9	0	98	6	368	398	3e-09	48.5
STAS_103	CAJ15581	70.97	31	9	0	99	7	513	543	7e-10	50.4
STAS_104	HE999704.1.gene1528.p01	63.64	33	12	0	1	99	74	106	1e-10	50.8
STAS_105	CP000034.1.gene4478.p01	63.64	33	12	0	100	2	711	743	3e-08	46.2
STAS_106	DQ212986.1.gene3.p01	60.71	28	11	0	8	91	1	28	5e-08	42.4
STAS_107	CAA37477	66.67	33	11	0	99	1	77	109	8e-08	44.7
STAS_108	ABE98197	100.00	33	0	0	99	1	145	177	5e-18	71.2
STAS_110	ABB80128	62.50	32	12	0	96	1	30	61	1e-09	48.9
STAS_111	NC_011586.7046327.p01	65.62	32	11	0	5	100	59	90	7e-11	51.6
STAS_112	ZP_04466634	70.97	31	9	0	3	95	163	193	1e-09	49.7
STAS_113	ZP_04081918	53.33	30	14	0	100	11	21	50	5e-07	41.6
STAS_114	NC_011586.7045444.p01	83.87	31	5	0	98	6	385	415	1e-10	52.8
STAS_115	YP_274443	67.74	31	10	0	6	98	132	162	6e-10	49.7
STAS_116	NP_745006	72.41	29	8	0	3	89	247	275	2e-10	50.8
STAS_117	YP_002394666	82.14	28	5	0	15	98	109	136	2e-11	52.8
STAS_118	YP_002850060	62.50	32	12	0	4	99	23	54	1e-07	43.9
STAS_119	AAD21213	57.58	33	14	0	2	100	23	55	3e-07	42.4
STAS_120	CP004022.1.gene2485.p01	59.38	32	13	0	3	98	359	390	4e-07	42.0
STAS_121	NC_002758.1121879.p01	66.67	33	11	0	100	2	456	488	5e-11	53.5
STAS_122	YP_350221	68.75	32	8	1	98	3	891	920	3e-09	48.9
STAS_123	AF170880.4.gene1.p01	54.55	33	15	0	2	100	492	524	2e-08	46.2
STAS_124	DQ435306.1.orf0.gene.p01	94.74	19	1	0	1	57	84	102	6e-07	40.8
STAS_125	CP000034.1.gene2880.p01	59.38	32	13	0	3	98	288	319	2e-08	45.8
STAS_126	EU408347.1.gene6.p01	68.75	32	10	0	98	3	153	184	4e-11	53.9
STAS_127	ZP_03223548	72.73	33	9	0	2	100	72	104	4e-10	51.2
STAS_128	AF170880.4.gene1.p01	62.50	32	12	0	99	4	507	538	3e-08	45.4
STAS_130	CAB61229	72.41	29	8	0	14	100	87	115	3e-08	44.7
STAS_131	DQ464881.1.gene2.p01	100.00	30	0	0	90	1	140	169	1e-14	62.4
STAS_132	CAE53424	58.33	36	12	1	2	100	46	81	5e-10	48.5
STAS_133	YP_002382193	54.84	31	14	0	7	99	88	118	4e-07	42.7
STAS_134	CP000675.2.gene1535.p01	82.14	28	5	0	15	98	78	105	9e-12	53.9
STAS_135	ABB70054	70.97	31	9	0	93	1	64	94	1e-10	52.8
STAS_136	CP001918.1.gene5135.p01	75.86	29	7	0	87	1	48	76	3e-08	44.3
STAS_137	M80346.gene.p01	50.00	32	16	0	4	99	386	417	2e-06	40.4
STAS_138	ABE98197	100.00	33	0	0	99	1	127	159	5e-18	71.2
STAS_140	BAH62608	60.00	30	12	0	11	100	143	172	8e-06	38.5
STAS_141	L42544.gene.p01	70.00	30	9	0	99	10	72	101	2e-09	48.9
STAS_142	Q00983	59.38	32	13	0	99	4	136	167	9e-08	43.5
STAS_143	BAH62608	63.64	33	12	0	99	1	147	179	3e-09	48.9
STAS_144	YP_001176128	66.67	33	11	0	1	99	146	178	5e-09	48.1
STAS_145	ABB80128	63.64	33	12	0	99	1	36	68	2e-08	45.8
STAS_148	CP000675.2.gene810.p01	51.61	31	15	0	98	6	325	355	7e-08	44.3
STAS_149	AAQ92181	59.38	32	13	0	99	4	923	954	4e-07	42.7
STAS_150	YP_001176128	61.29	31	12	0	7	99	19	49	1e-07	43.9
STAS_152	CP000647.1.gene3518.p01	67.86	28	9	0	95	12	595	622	2e-08	46.6
STAS_153	YP_606823	69.70	33	10	0	99	1	49	81	3e-11	54.7
STAS_154	YP_002705655	75.00	32	8	0	5	100	172	203	6e-08	44.7
STAS_155	AF170880.4.gene1.p01	64.52	31	11	0	99	7	554	584	7e-08	44.7
STAS_156	BAH62608	56.25	32	14	0	5	100	155	186	4e-07	42.7
STAS_157	AF170880.4.gene1.p01	64.29	28	10	0	98	15	557	584	1e-07	43.5
STAS_158	ABS73653	54.84	31	14	0	3	95	33	63	3e-07	40.0
STAS_159	CP001918.1.gene4501.p01	67.74	31	10	0	95	3	569	599	3e-08	45.8
STAS_160	NC_010410.6003262.p01	54.84	31	14	0	94	2	134	164	4e-08	45.1
STAS_161	CP000034.1.gene2563.p01	68.97	29	9	0	98	12	278	306	3e-09	48.1
STAS_162	AF155139.2.gene7.p01	59.38	32	13	0	100	5	278	309	4e-07	42.0
STAS_163	ZP_02903696	60.71	28	11	0	99	16	133	160	1e-06	40.8
STAS_164	NP_878015	59.38	32	13	0	5	100	195	226	1e-08	46.2
STAS_166	CP001485.1.gene721.p01	61.29	31	12	0	6	98	72	102	3e-10	49.7
SWHAS104_2	YP_001345921	64.29	28	10	0	97	14	776	803	2e-09	49.3
SWHAS104_3	AF180958.1.gene1.p01	57.58	33	14	0	100	2	63	95	2e-09	48.5
SWHAS104_4	ZP_03832747	72.73	33	9	0	99	1	260	292	3e-11	54.7
SWHAS104_5	YP_002239469	53.12	32	15	0	3	98	149	180	8e-07	41.6
SWHAS104_6	AAY93315	65.52	29	10	0	3	89	358	386	2e-08	45.8
SWHAS104_7	M80346.gene.p01	65.62	32	11	0	96	1	187	218	2e-08	46.2
SWHAS104_8	BAH62608	59.38	32	13	0	96	1	140	171	2e-08	46.2
SWHAS104_9	YP_316450	83.33	30	5	0	1	90	243	272	9e-12	54.7
SWHAS104_10	NC_002695.1.916586.p01	65.62	32	11	0	3	98	29	60	9e-09	47.4
SWHAS104_11	AF170880.4.gene1.p01	69.70	33	10	0	1	99	499	531	1e-11	55.8
SWHAS104_12	CP004022.1.gene1674.p01	75.00	32	8	0	98	3	363	394	3e-09	48.9
SWHAS104_13	NC_002758.1121879.p01	72.73	33	9	0	100	2	483	515	2e-09	49.3
SWHAS104_14	YP_001453760	67.74	31	10	0	3	95	150	180	9e-08	44.3
SWHAS104_16	NP_348076	66.67	33	11	0	99	1	75	107	4e-09	48.5
SWHAS104_17	YP_001438541	70.00	30	9	0	96	7	43	72	5e-08	45.1
SWHAS104_18	AF170880.4.gene1.p01	51.52	33	16	0	1	99	497	529	2e-06	40.4
SWHAS104_19	NC_002758.1121879.p01	63.64	33	12	0	1	99	456	488	5e-09	48.1
SWHAS104_20	DQ393783.1.gene4.p01	100.00	33	0	0	1	99	162	194	3e-18	71.6
SWHAS104_22	AF170880.4.gene1.p01	64.52	31	11	0	3	95	500	530	1e-06	40.8
SWHAS104_23	YP_001373621	70.97	31	9	0	93	1	145	175	9e-11	52.4
SWHAS104_24	YP_001453760	68.75	32	10	0	98	3	29	60	5e-10	50.8
SWHAS104_25	YP_002239469	51.52	33	16	0	1	99	147	179	2e-06	40.0
SWHAS104_26	YP_001453760	66.67	33	11	0	1	99	142	174	4e-08	45.4
SWHAS104_28	ZP_04466634	63.64	33	12	0	2	100	131	163	3e-07	43.1
SWHAS104_29	GQ244501.1.gene1.p01	62.50	32	12	0	98	3	104	135	5e-07	42.0
SWHAS104_30	AF180952.1.gene3.p01	69.70	33	10	0	99	1	329	361	2e-13	60.1
SWHAS104_31	NC_002758.1121879.p01	68.75	32	10	0	98	3	507	538	5e-07	42.0
SWHAS104_32	CP004022.1.gene1673.p01	57.58	33	14	0	1	99	379	411	4e-07	42.4
SWHAS104_33	ZP_04081918	59.38	32	13	0	5	100	21	52	9e-08	43.5
SWHAS104_34	CP000647.1.gene3518.p01	70.97	31	9	0	95	3	593	623	5e-09	48.1
SWHAS104_35	AF180958.1.gene1.p01	50.00	32	16	0	5	100	52	83	2e-07	43.1
SWHAS104_36	CAG30567	73.33	30	8	0	8	97	69	98	2e-09	48.9
SWHAS104_37	NC_011586.7045444.p01	71.88	32	9	0	2	97	947	978	5e-09	48.1
SWHAS104_38	CP001918.1.gene3440.p01	56.25	32	14	0	97	2	284	315	1e-08	47.0
SWHAS104_39	AY264780.2.gene3.p01	80.00	30	6	0	10	99	49	78	3e-11	53.9
SWHAS104_40	M80346.gene.p01	71.88	32	9	0	96	1	169	200	6e-08	44.7
SWHAS104_41	AAZ03413	69.70	33	10	0	1	99	218	250	1e-11	54.7
SWHAS104_42	AF180958.1.gene1.p01	68.97	29	9	0	6	92	78	106	3e-09	48.1
SWHAS104_44	YP_789012	75.76	33	8	0	100	2	343	375	1e-13	60.5
SWHAS104_45	YP_350221	83.33	24	4	0	75	4	900	923	2e-07	43.1
SWHAS104_46	YP_001176128	76.00	25	6	0	76	2	535	559	5e-06	39.3
SWHAS104_47	ZP_02952732	60.61	33	13	0	1	99	57	89	4e-09	48.5
SWHAS104_48	ACD01409	75.76	33	8	0	1	99	75	107	2e-13	58.2
SWHAS104_49	YP_001176128	70.97	31	9	0	3	95	28	58	5e-10	50.8
SWHAS104_51	NC_010400.5986590.p01	60.61	33	13	0	100	2	81	113	2e-09	48.1
SWHAS104_52	ABX79411	74.19	31	8	0	2	94	74	104	9e-13	56.6
SWHAS104_53	NP_348076	62.50	32	12	0	99	4	79	110	1e-07	43.9
SWHAS104_54	NC_002758.1121879.p01	65.62	32	11	0	98	3	486	517	1e-07	43.9
SWHAS104_55	YP_002146111	75.00	32	8	0	4	99	312	343	1e-11	55.5
SWHAS104_56	ZP_02685546	56.67	30	13	0	2	91	44	73	1e-06	40.8
SWHAS104_58	YP_002388977	78.12	32	7	0	98	3	83	114	2e-11	55.1
SWHAS104_59	ZP_02903696	60.00	30	12	0	2	91	29	58	5e-06	39.3
SWHAS104_60	YP_001668745	80.00	25	5	0	75	1	931	955	8e-09	47.4
SWHAS104_62	CP004022.1.gene1674.p01	78.12	32	7	0	3	98	846	877	3e-10	51.6
SWHAS104_63	CAI46978	100.00	32	0	0	3	98	2	33	8e-19	73.6
SWHAS104_64	L12710.gene.p01	62.96	27	10	0	2	82	133	159	2e-09	47.4
SWHAS104_65	YP_001186705	65.62	32	11	0	98	3	972	1003	3e-08	45.8
SWHAS104_66	AAY93315	58.06	31	13	0	3	95	139	169	2e-08	46.2
SWHAS104_67	YP_001176128	61.29	31	12	0	7	99	22	52	2e-07	43.1
SWHAS104_68	AAZ03413	58.06	31	13	0	6	98	218	248	1e-09	49.3
SWHAS104_69	YP_001453760	57.58	33	14	0	1	99	28	60	2e-07	43.5
SWHAS104_70	EU408349.1.gene1.p01	75.76	33	8	0	100	2	57	89	2e-11	53.9
SWHAS104_71	Q83LR7	55.56	27	12	0	89	9	89	115	6e-06	38.9
SWHAS104_72	YP_002850060	54.55	33	15	0	2	100	26	58	2e-06	40.4
SWHAS104_73	YP_001478502	51.61	31	15	0	97	5	153	183	3e-07	42.7
SWHAS104_74	AF180958.1.gene1.p01	63.64	33	12	0	100	2	74	106	4e-09	47.8
SWHAS104_76	YP_001588793	60.61	33	13	0	1	99	543	575	4e-08	45.4
SWHAS104_77	YP_002081114	63.33	30	11	0	9	98	302	331	2e-07	43.1
SWHAS104_78	ABX79411	63.33	30	11	0	3	92	76	105	4e-08	44.3
SWHAS104_79	CP003583.1.gene2512.p01	60.61	33	13	0	1	99	79	111	4e-09	48.1
SWHAS104_81	AAY93315	68.75	32	10	0	96	1	354	385	6e-11	53.1
SWHAS104_82	AAY93315	78.79	33	7	0	1	99	344	376	9e-14	60.8
SWHAS104_83	YP_236040	66.67	33	11	0	2	100	361	393	1e-09	49.7
SWHAS104_84	AAR14158	73.91	23	6	0	2	70	56	78	3e-07	42.7
SWHAS104_85	M80346.gene.p01	57.58	33	14	0	2	100	184	216	3e-09	48.5
SWHAS104_86	YP_002382193	68.75	32	10	0	5	100	27	58	2e-08	46.2
SWHAS104_87	YP_001373621	70.00	30	9	0	99	10	148	177	2e-09	48.1
SWHAS104_88	NC_011586.7046576.p01	87.50	32	4	0	98	3	332	363	6e-15	64.3
SWHAS104_89	CP001918.1.gene4501.p01	57.58	33	14	0	99	1	562	594	4e-07	42.7
SWHAS104_90	CP000647.1.gene3518.p01	65.62	32	11	0	98	3	590	621	4e-08	45.4
SWHAS104_91	AF170880.4.gene1.p01	62.50	32	12	0	3	98	519	550	7e-08	44.7
SWHAS104_92	DQ823382.1.gene1.p01	57.58	33	14	0	99	1	427	459	7e-08	44.7
SWHAS104_94	YP_789012	72.73	33	9	0	99	1	347	379	3e-13	59.7
SWHAS104_96	CAB76925	71.88	32	9	0	99	4	283	314	4e-09	47.8
SWHAS104_97	YP_002239469	56.25	32	14	0	98	3	154	185	9e-07	41.6
SWHAS104_98	ZP_03222019	65.62	32	11	0	1	96	306	337	6e-10	50.8
SWHAS104_99	AF180958.1.gene1.p01	68.97	29	9	0	11	97	78	106	5e-09	47.8
SWHAS104_100	ZP_02831928	87.50	32	4	0	1	96	533	564	5e-13	59.3
SWHAS104_101	AF180952.1.gene3.p01	83.33	18	3	0	46	99	336	353	3e-06	39.3
SWHAS104_102	CP001918.1.gene3441.p01	62.50	32	12	0	3	98	125	156	1e-09	50.1
SWHAS104_103	AAY93315	56.25	32	14	0	2	97	138	169	9e-09	47.0
SWHAS104_104	Q5P6K4	72.73	33	9	0	1	99	188	220	8e-11	52.0
SWHAS104_105	CAC47934	72.73	33	9	0	100	2	21	53	2e-10	50.8
SWHAS104_106	AF133139.gene.p01	100.00	33	0	0	2	100	288	320	6e-15	64.3
SWHAS104_107	AF180958.1.gene1.p01	63.64	33	12	0	99	1	74	106	4e-09	47.8
SWHAS104_108	YP_002239469	65.62	32	11	0	1	96	141	172	7e-08	44.7
SWHAS104_109	NC_002758.1121879.p01	60.61	33	13	0	99	1	370	402	2e-07	43.5
SWHAS104_110	M57437.gene.p01	63.64	33	12	0	1	99	28	60	1e-06	41.2
SWHAS104_111	ZP_04055725	78.12	32	7	0	1	96	1	32	2e-11	53.5
SWHAS104_112	NC_002758.1121879.p01	67.74	31	10	0	3	95	495	525	1e-07	44.3
SWHAS104_113	CP001918.1.gene3441.p01	56.25	32	14	0	1	96	904	935	4e-08	45.4
SWHAS104_114	AY004350.gene.p01	56.25	32	14	0	1	96	430	461	1e-07	43.9
SWHAS104_114	AY004350.gene.p01	65.62	32	11	0	4	99	124	155	1e-06	41.2
SWHAS104_115	CP004022.1.gene1673.p01	87.50	32	4	0	98	3	868	899	5e-13	59.7
SWHAS104_117	CP000768.1.gene1537.p01	60.61	33	13	0	99	1	398	430	4e-08	45.8
SWHAS104_118	AAQ92181	84.85	33	5	0	2	100	873	905	4e-12	57.0
SWHAS104_119	X92508.1.gene1.p01	57.58	33	14	0	99	1	227	259	1e-09	49.3
SWHAS104_120	AY162283.2.gene7.p01	100.00	33	0	0	1	99	123	155	1e-17	70.1
SWHAS104_121	NC_008702.1.4607594.p01	74.19	31	8	0	95	3	78	108	2e-11	53.5
SWHAS104_122	AY139603.1.gene1.p01	100.00	33	0	0	100	2	129	161	3e-17	68.9
SWHAS104_123	ACI02041	100.00	33	0	0	2	100	56	88	1e-19	78.2
SWHAS104_124	AF418284.1.gene3.p01	64.52	31	11	0	7	99	113	143	9e-10	48.5
SWHAS104_125	DQ464881.1.gene2.p01	96.97	33	1	0	2	100	166	198	3e-16	66.6
SWHAS104_127	M80346.gene.p01	72.41	29	8	0	1	87	173	201	6e-07	42.0
SWHAS104_128	AF180958.1.gene1.p01	51.61	31	15	0	1	93	44	74	2e-08	46.2
SWHAS104_129	CP004022.1.gene1673.p01	69.70	33	10	0	100	2	41	73	1e-08	47.0
SWHAS104_130	FR772051.1.gene9.p01	59.38	32	13	0	100	5	114	145	9e-09	47.0
SWHAS104_131	YP_001571041	74.19	31	8	0	98	6	142	172	2e-09	49.3
SWHAS104_132	ZP_02685546	85.19	27	4	0	1	81	531	557	2e-09	48.9
SWHAS104_133	YP_002188856	56.67	30	13	0	91	2	171	200	4e-09	48.1
SWHAS104_134	NC_002758.1121879.p01	76.92	26	6	0	10	87	465	490	1e-07	44.3
SWHAS104_139	CP004022.1.gene1672.p01	51.52	33	16	0	100	2	104	136	2e-06	40.0
SWHAS104_140	ABV82118	58.06	31	13	0	100	8	51	81	2e-09	48.9
SWHAS104_141	AF170880.4.gene1.p01	58.06	31	13	0	8	100	486	516	1e-07	43.5
SWHAS104_142	NC_002758.1121879.p01	66.67	33	11	0	2	100	457	489	1e-09	49.7
SWHAS104_143	YP_001373621	58.62	29	12	0	89	3	147	175	5e-08	44.3
SWHAS104_144	ZP_02831928	58.06	31	13	0	3	95	141	171	5e-06	39.3
SWHAS104_145	DQ677333.1.gene1.p01	100.00	31	0	0	99	7	182	212	9e-16	65.1
SWHAS104_146	YP_001438541	68.97	29	9	0	2	88	37	65	4e-07	42.4
SWHAS104_147	AY028464.1.gene1.p01	53.33	30	14	0	99	10	37	66	4e-07	41.6
SWHAS104_148	ZP_03065389	70.00	30	9	0	99	10	148	177	1e-08	47.0
SWHAS104_149	YP_350221	68.00	25	8	0	100	26	900	924	5e-07	42.4
SWHAS104_150	AAY93315	78.79	33	7	0	1	99	344	376	9e-14	60.8
SWHAS104_153	BAE96116	65.62	32	11	0	99	4	230	261	1e-07	43.5
SWHAS104_154	Q5P6K4	63.64	33	12	0	2	100	50	82	1e-09	48.9
SWHAS104_155	U56415.1.orf0.gene.p01	54.55	33	15	0	100	2	266	298	1e-06	40.8
SWHAS104_156	YP_001453760	57.58	33	14	0	100	2	54	86	9e-08	44.3
SWHAS104_157	YP_001290033	68.97	29	9	0	96	10	149	177	1e-08	47.0
SWHAS104_158	NC_010410.6003348.p01	54.55	33	15	0	2	100	51	83	4e-10	48.1
SWHAS104_159	AY004350.gene.p01	65.62	32	11	0	98	3	410	441	6e-09	47.4
SWHAS104_160	M80346.gene.p01	59.38	32	13	0	98	3	187	218	4e-08	45.4
SWHAS104_161	YP_001373621	64.52	31	11	0	4	96	147	177	3e-09	48.1
SWHAS104_162	NC_002758.1121879.p01	67.74	31	10	0	7	99	476	506	6e-10	50.4
SWHAS104_163	CAE53424	62.07	29	11	0	13	99	23	51	1e-09	47.8
SWHAS104_164	YP_349555	59.38	32	13	0	97	2	46	77	6e-07	41.2
SWHAS104_165	AAQ92181	75.76	33	8	0	99	1	919	951	4e-10	51.2
SWHAS104_166	AF180958.1.gene1.p01	60.61	33	13	0	99	1	67	99	1e-09	49.3
SWHAS104_167	AAF86692	64.29	28	10	0	9	92	85	112	3e-07	42.4
SWHAS104_168	YP_001348630	75.00	32	8	0	100	5	952	983	3e-10	51.6
SWHAS104_169	CAB76925	56.25	32	14	0	98	3	136	167	1e-08	46.2
SWHAS104_170	AY171578.gene.p01	75.86	29	7	0	99	13	11	39	1e-09	48.1
SWHAS104_171	ABQ42698	63.33	30	11	0	98	9	243	272	7e-08	44.3
SWHAS104_172	AF180952.1.gene3.p01	83.33	18	3	0	46	99	336	353	3e-06	39.3
SWHAS104_173	D13304.2.gene1.p01	58.06	31	13	0	3	95	225	255	9e-10	49.7
SWHAS104_174	FJ349556.1.gene2.p01	54.55	33	15	0	99	1	61	93	2e-08	45.1
SWHAS104_175	L42544.gene.p01	63.64	33	12	0	99	1	73	105	7e-10	50.4
SWHAS104_176	CAO82104	84.85	33	5	0	99	1	98	130	5e-15	62.8
SWHAS104_177	AAD21213	67.74	31	10	0	7	99	35	65	2e-09	48.5
SWHAS104_178	HE999704.1.gene1528.p01	65.52	29	10	0	93	7	73	101	4e-09	47.0
SWHAS104_181	YP_001453760	64.52	31	11	0	98	6	142	172	1e-07	44.3
SWHAS104_183	CP004022.1.gene1674.p01	92.59	27	2	0	98	18	868	894	8e-11	53.1
SWHAS104_184	CAI46978	93.75	32	2	0	98	3	23	54	1e-13	60.1
SWHAS104_185	L12710.gene.p01	62.07	29	11	0	99	13	131	159	6e-10	48.5
SWHAS104_186	AAY90134	50.00	32	16	0	98	3	150	181	1e-07	43.5
SWHAS104_187	YP_403947	59.38	32	13	0	98	3	40	71	5e-08	45.1
SWHAS104_188	EU408352.1.gene27.p01	63.64	33	12	0	100	2	458	490	2e-09	48.9
SWHAS104_189	YP_350221	60.61	33	13	0	1	99	133	165	8e-10	50.4
SWHAS104_191	AAQ90024	62.50	32	12	0	2	97	59	90	6e-09	47.4
SWHAS104_192	AJ250876.1.gene1.p01	72.73	33	9	0	2	100	100	132	1e-09	49.3
SWHAS104_193	CP004022.1.gene1674.p01	70.97	31	9	0	8	100	869	899	4e-09	48.5
SWHAS104_195	AF170880.4.gene1.p01	70.97	31	9	0	94	2	537	567	2e-08	45.8
SWHAS104_196	EU408347.1.gene9.p01	62.07	29	11	0	13	99	39	67	2e-09	48.5
SWHAS104_197	YP_002850060	56.25	32	14	0	100	5	136	167	2e-07	43.1
SWHAS104_199	CAA52618	54.84	31	14	0	8	100	124	154	7e-08	44.3
SWHAS104_200	AAY93315	53.12	32	15	0	2	97	143	174	1e-07	43.9
SWHAS104_201	YP_560128	74.07	27	7	0	2	82	56	82	3e-09	48.1
SWHAS104_202	CAI46978	100.00	28	0	0	86	3	165	192	3e-13	58.9
SWHAS104_203	NC_002758.1121879.p01	66.67	30	10	0	98	9	461	490	4e-09	48.1
SWHAS104_204	YP_002239469	63.33	30	11	0	97	8	145	174	2e-06	40.4
SWHAS104_205	AF180952.1.gene3.p01	69.70	33	10	0	1	99	327	359	4e-13	59.3
SWHAS104_207	YP_002848372	83.33	30	5	0	94	5	385	414	1e-10	53.1
SWHAS104_208	M80346.gene.p01	62.50	32	12	0	100	5	207	238	1e-09	50.1
SWHAS104_209	AAQ90024	62.50	32	12	0	1	96	59	90	6e-09	47.4
SWHAS104_210	CP000647.1.gene3518.p01	70.37	27	8	0	99	19	596	622	3e-07	43.1
SWHAS104_211	ZP_04081918	60.00	30	12	0	11	100	30	59	2e-07	43.1
SWHAS104_212	AF170880.4.gene1.p01	68.97	29	9	0	98	12	548	576	7e-07	41.6
SWHAS104_213	AF180952.1.gene3.p01	70.97	31	9	0	6	98	327	357	5e-12	55.8
SWHAS104_214	NC_002758.1121879.p01	61.29	31	12	0	95	3	376	406	4e-07	42.4
SWHAS104_216	ABB80128	62.50	32	12	0	5	100	23	54	9e-09	46.6
SWHAS104_217	ZP_02903696	73.33	30	8	0	11	100	141	170	4e-10	51.2
SWHAS104_218	YP_001668663	54.84	31	14	0	98	6	305	335	1e-08	47.4
SWHAS104_219	AF162694.1.gene5.p01	76.00	25	6	0	26	100	89	113	6e-08	43.9
SWHAS104_221	AAF86692	80.65	31	6	0	98	6	339	369	2e-13	60.1
SWHAS104_222	AAY90134	48.48	33	17	0	2	100	146	178	2e-07	43.1
SWHAS104_223	CP004022.1.gene1673.p01	68.75	32	10	0	4	99	318	349	1e-08	47.4
SWHAS104_224	AAV80410	73.33	30	8	0	3	92	72	101	4e-10	51.2
SWHAS104_225	CP001918.1.gene3441.p01	59.38	32	13	0	100	5	146	177	8e-07	41.6
SWHAS104_226	AAY90134	53.12	32	15	0	98	3	149	180	5e-08	44.7
SWHAS104_227	YP_001749617	61.29	31	12	0	96	4	208	238	4e-08	44.7
SWHAS104_228	ZP_04543635	66.67	30	10	0	4	93	2	31	3e-08	44.7
SWHAS104_229	BAC67151	96.97	33	1	0	100	2	313	345	1e-14	63.2
SWHAS104_230	AAY90134	51.52	33	16	0	100	2	133	165	5e-08	44.7
SWHAS104_231	NC_010400.5986590.p01	64.52	31	11	0	4	96	86	116	1e-09	48.1
SWHAS104_232	AF180958.1.gene1.p01	48.48	33	17	0	2	100	50	82	1e-07	43.5
SWHAS104_233	CAB76925	68.75	32	10	0	100	5	287	318	7e-08	44.3
SWHAS104_234	AAK14791	81.82	33	6	0	2	100	214	246	4e-14	60.8
SWHAS104_235	NC_002758.1121879.p01	64.52	31	11	0	1	93	479	509	2e-08	46.2
SWHAS104_237	CP001918.1.gene3440.p01	63.64	33	12	0	2	100	840	872	2e-09	48.9
SWHAS104_238	CP001918.1.gene4501.p01	66.67	30	10	0	6	95	569	598	1e-07	43.9
SWHAS104_240	AY162283.2.gene7.p01	100.00	33	0	0	100	2	145	177	3e-16	65.9
SWHAS104_242	AF047479.2.gene10.p01	100.00	32	0	0	3	98	107	138	8e-17	67.8
SWHAS104_243	AAR29971	100.00	33	0	0	100	2	81	113	2e-15	66.6
SWHAS104_245	FJ460181.2.gene2.p01	76.67	30	7	0	100	11	136	165	4e-12	54.7
SWHAS104_246	YP_001453760	69.70	33	10	0	2	100	46	78	7e-12	56.2
